012746
000200
012767
000122
000164
012767
000100
000154
012705
000142
012704
000020
012701
000017
116102
000122
120261
000122
002403
010103
116102
000122
005301
002370
110225
012702
000175
110263
000122
005304
003355
012725
005015
012767
000100
000064
016701
000062
105711
001374
000000
051557
071164
020124
064151
071440
042141
072141
020440
000000
000000
000000
000000
000000
000000
000000
000000
000000
000000
000000
000000
000000
000000
000000
010046
010146
012701
000172
016700
177762
111021
001406
005201
012711
000100
005267
177744
000402
005201
005011
012601
012600
000002
