012746
000200
012701
000176
012711
000062
012701
000174
012711
000100
004567
000060
012767
005015
000046
012701
000174
012711
000100
016701
000124
105711
001374
000000
000010
044440
071564
062560
020157
067040
070165
070160
074544
067547
071400
000000
010501
062701
000030
012100
010002
060102
112104
111261
000011
110462
000012
005302
005300
005300
002367
000205
000000
000000
000000
000000
000000
000000
000000
000000
000000
000000
000000
000000
010046
010146
012701
000172
016700
177762
111021
001406
005201
012711
000100
005267
177744
000402
005201
005011
012601
012600
000002
