012746
000200
012737
000052
000176
012737
000100
000174
004567
000054
012767
005015
000042
012737
000100
000174
105777
000132
001375
000000
000010
044440
071564
062560
020157
067040
070165
070160
074544
067547
071400
000000
010501
062701
000024
012100
010002
060102
112104
111261
000011
110462
000012
005302
005300
005300
002367
000205
000000
000000
000000
000000
000000
000000
000000
000000
000000
000000
000000
000000
000000
000000
000000
000000
117737
177772
000172
001406
012737
000100
000174
005267
177754
000002
005037
000174
000002
